0 -174.6855488 -174.6855488
4 -1277.384669 -4640.152736
17 -1784.016904	-4612.775292
22 -1847.535123	-4074.663958
25 -1855.936865	-3773.22946
27 -1859.544055	-3692.807843
28 -1867.372893	-3658.125395
35 -1890.361235	-3595.2728
52 -1899.478263	-3451.121593
71 -1904.350556	-3304.332213
90 -1907.399229	-3156.103886
99 -1913.504629	-3037.286973
108 -1917.784797 -2943.972934
117 -1861.950995	-2829.504749
126	-1849.333725	-2682.839925
135	-1843.940819	-2441.607876
144	-1837.361301	-2259.810644
153	-1830.794775	-2056.892392
162	-1827.21851	    -1934.343304
171	-1818.888924	-1846.336592
180	-1694.1848	    -1694.1848

