  
       RFOIL         Version 1.1
  
 Calculated polar for: NACA 2412                       
  
 1  Reynolds number fixed
  
 xtrf =   1.000 (suction)    1.000 (pressure)
 Rot. Parameters:  f0 =   1.000 c/r =   0.000
 Mach =   0.000     Re =     5.700 e 6     Ncrit =   9.000
  
   alpha     CL        CD      Re(CL)     CM     S_xtr   P_xtr    CDp  
  ------- -------- --------- --------- -------- ------- ------- -------- 
 -13.000  -1.2020   0.01219   5.70000  -0.0522  0.9976  0.0107   0.00822
 -12.000  -1.0853   0.01084   5.70000  -0.0545  0.9938  0.0118   0.00681
 -11.000  -0.9782   0.00982   5.70000  -0.0542  0.9793  0.0130   0.00574
 -10.000  -0.8756   0.00886   5.70000  -0.0526  0.9526  0.0148   0.00470
  -9.000  -0.7680   0.00810   5.70000  -0.0519  0.9227  0.0172   0.00386
  -8.000  -0.6581   0.00747   5.70000  -0.0515  0.8882  0.0202   0.00314
  -7.000  -0.5467   0.00696   5.70000  -0.0513  0.8464  0.0245   0.00254
  -6.000  -0.4347   0.00656   5.70000  -0.0513  0.7938  0.0311   0.00203
  -5.000  -0.3219   0.00625   5.70000  -0.0513  0.7346  0.0416   0.00161
  -4.000  -0.2087   0.00600   5.70000  -0.0514  0.6719  0.0596   0.00127
  -3.000  -0.0952   0.00581   5.70000  -0.0516  0.6092  0.0890   0.00103
  -2.000   0.0185   0.00565   5.70000  -0.0518  0.5501  0.1340   0.00086
  -1.000   0.1322   0.00554   5.70000  -0.0521  0.4935  0.1964   0.00077
   0.000   0.2461   0.00546   5.70000  -0.0524  0.4460  0.2713   0.00076
   1.000   0.3596   0.00543   5.70000  -0.0526  0.3947  0.3654   0.00082
   2.000   0.4707   0.00548   5.70000  -0.0525  0.3224  0.5137   0.00100
   3.000   0.5804   0.00576   5.70000  -0.0522  0.2420  0.6492   0.00131
   4.000   0.6879   0.00622   5.70000  -0.0515  0.1580  0.7919   0.00177
   5.000   0.7918   0.00669   5.70000  -0.0499  0.0966  0.9353   0.00234
   6.000   0.9023   0.00743   5.70000  -0.0497  0.0577  0.9967   0.00296
   7.000   1.0134   0.00824   5.70000  -0.0500  0.0377  1.0000   0.00362
   8.000   1.1164   0.00906   5.70000  -0.0485  0.0271  1.0000   0.00436
   9.000   1.2184   0.00994   5.70000  -0.0471  0.0208  1.0000   0.00519
  10.000   1.3173   0.01096   5.70000  -0.0452  0.0165  1.0000   0.00618
  11.000   1.4127   0.01206   5.70000  -0.0429  0.0138  1.0000   0.00728
  12.000   1.5013   0.01338   5.70000  -0.0396  0.0118  1.0000   0.00862
  13.000   1.5763   0.01481   5.70000  -0.0340  0.0106  1.0000   0.01010
  14.000   1.6370   0.01672   5.70000  -0.0268  0.0095  1.0000   0.01210
  15.000   1.6844   0.01949   5.70000  -0.0193  0.0087  1.0000   0.01499
  16.000   1.7144   0.02374   5.70000  -0.0121  0.0080  1.0000   0.01942
  17.000   1.7257   0.03020   5.70000  -0.0067  0.0076  1.0000   0.02611
  18.000   1.6972   0.04144   5.70000  -0.0045  0.0073  1.0000   0.03767
