   XB-NEW,    YB-NEW  ,   XB-SYM   ,   YB-SYM   ,  CAMBER-Y  , CAMBER-dY/dX 
 0   0   1   1   6  
    1.000084    0.001257    0.000000    0.000000    0.000000    0.100000
    0.990344    0.003275    0.000024    0.000876    0.000002    0.099994
    0.980649    0.005256    0.000097    0.001748    0.000010    0.099976
    0.970997    0.007201    0.000218    0.002616    0.000022    0.099945
    0.961390    0.009110    0.000388    0.003481    0.000039    0.099903
    0.951828    0.010985    0.000607    0.004342    0.000061    0.099848
    0.942310    0.012826    0.000874    0.005199    0.000087    0.099782
    0.932837    0.014634    0.001189    0.006053    0.000119    0.099703
    0.923408    0.016408    0.001553    0.006902    0.000155    0.099612
    0.914025    0.018151    0.001966    0.007748    0.000196    0.099509
    0.904687    0.019861    0.002427    0.008591    0.000242    0.099393
    0.895393    0.021541    0.002936    0.009429    0.000293    0.099266
    0.886145    0.023190    0.003494    0.010264    0.000348    0.099126
    0.876942    0.024809    0.004101    0.011094    0.000408    0.098975
    0.867785    0.026398    0.004756    0.011921    0.000473    0.098811
    0.858673    0.027957    0.005460    0.012744    0.000542    0.098635
    0.849607    0.029488    0.006212    0.013563    0.000616    0.098447
    0.840586    0.030991    0.007013    0.014378    0.000695    0.098247
    0.831611    0.032465    0.007862    0.015188    0.000779    0.098034
    0.822682    0.033912    0.008760    0.015995    0.000866    0.097810
    0.813799    0.035331    0.009707    0.016797    0.000959    0.097573
    0.804962    0.036724    0.010702    0.017595    0.001056    0.097325
    0.796171    0.038090    0.011745    0.018389    0.001157    0.097064
    0.787426    0.039430    0.012837    0.019178    0.001263    0.096791
    0.778727    0.040744    0.013978    0.019963    0.001373    0.096506
    0.770074    0.042032    0.015167    0.020744    0.001488    0.096208
    0.761468    0.043295    0.016404    0.021520    0.001607    0.095899
    0.752908    0.044533    0.017690    0.022291    0.001730    0.095577
    0.744394    0.045746    0.019025    0.023058    0.001857    0.095244
    0.735927    0.046935    0.020408    0.023819    0.001989    0.094898
    0.727506    0.048099    0.021840    0.024576    0.002124    0.094540
    0.719133    0.049239    0.023320    0.025328    0.002264    0.094170
    0.710805    0.050355    0.024849    0.026075    0.002408    0.093788
    0.702525    0.051448    0.026426    0.026817    0.002555    0.093393
    0.694291    0.052518    0.028052    0.027553    0.002707    0.092987
    0.686104    0.053564    0.029727    0.028284    0.002862    0.092568
    0.677964    0.054587    0.031449    0.029010    0.003021    0.092138
    0.669871    0.055587    0.033221    0.029731    0.003184    0.091695
    0.661825    0.056565    0.035041    0.030446    0.003351    0.091240
    0.653826    0.057521    0.036909    0.031155    0.003521    0.090773
    0.645874    0.058454    0.038826    0.031858    0.003694    0.090293
    0.637969    0.059365    0.040792    0.032556    0.003871    0.089802
    0.630112    0.060254    0.042806    0.033247    0.004052    0.089298
    0.622301    0.061121    0.044869    0.033932    0.004235    0.088783
    0.614538    0.061967    0.046980    0.034612    0.004422    0.088255
    0.606822    0.062791    0.049140    0.035285    0.004612    0.087715
    0.599154    0.063593    0.051348    0.035951    0.004805    0.087163
    0.591533    0.064375    0.053605    0.036611    0.005001    0.086599
    0.583959    0.065135    0.055910    0.037265    0.005200    0.086022
    0.576433    0.065875    0.058264    0.037911    0.005402    0.085434
    0.568955    0.066593    0.060666    0.038551    0.005607    0.084833
    0.561524    0.067291    0.063117    0.039184    0.005814    0.084221
    0.554141    0.067969    0.065617    0.039810    0.006023    0.083596
    0.546805    0.068625    0.068165    0.040429    0.006236    0.082959
    0.539517    0.069262    0.070761    0.041040    0.006450    0.082310
    0.532277    0.069878    0.073406    0.041644    0.006667    0.081648
    0.525085    0.070474    0.076100    0.042240    0.006886    0.080975
    0.517941    0.071050    0.078842    0.042829    0.007107    0.080289
    0.510844    0.071606    0.081633    0.043410    0.007330    0.079592
    0.503796    0.072143    0.084472    0.043983    0.007555    0.078882
    0.496795    0.072659    0.087360    0.044548    0.007782    0.078160
    0.489843    0.073156    0.090296    0.045105    0.008010    0.077426
    0.482938    0.073634    0.093281    0.045653    0.008240    0.076680
    0.476081    0.074092    0.096314    0.046194    0.008472    0.075922
    0.469273    0.074531    0.099396    0.046725    0.008705    0.075151
    0.462513    0.074951    0.102526    0.047249    0.008939    0.074368
    0.455801    0.075352    0.105705    0.047763    0.009174    0.073574
    0.449137    0.075734    0.108933    0.048268    0.009410    0.072767
    0.442522    0.076097    0.112208    0.048765    0.009647    0.071948
    0.435954    0.076441    0.115533    0.049252    0.009885    0.071117
    0.429436    0.076766    0.118906    0.049730    0.010123    0.070273
    0.422965    0.077074    0.122328    0.050199    0.010362    0.069418
    0.416543    0.077362    0.125798    0.050658    0.010602    0.068551
    0.410169    0.077633    0.129316    0.051108    0.010841    0.067671
    0.403844    0.077885    0.132884    0.051548    0.011081    0.066779
    0.397548    0.078119    0.136499    0.051978    0.011321    0.065875
    0.391270    0.078330    0.140164    0.052398    0.011561    0.064959
    0.385040    0.078518    0.143876    0.052808    0.011800    0.064031
    0.378859    0.078683    0.147638    0.053208    0.012039    0.063091
    0.372727    0.078826    0.151448    0.053598    0.012278    0.062138
    0.366643    0.078946    0.155306    0.053977    0.012516    0.061174
    0.360608    0.079043    0.159213    0.054346    0.012753    0.060197
    0.354623    0.079119    0.163168    0.054704    0.012989    0.059208
    0.348686    0.079173    0.167172    0.055051    0.013224    0.058207
    0.342799    0.079206    0.171225    0.055388    0.013458    0.057194
    0.336960    0.079217    0.175326    0.055713    0.013690    0.056169
    0.331171    0.079208    0.179475    0.056027    0.013921    0.055131
    0.325431    0.079177    0.183673    0.056331    0.014150    0.054082
    0.319741    0.079126    0.187920    0.056623    0.014378    0.053020
    0.314100    0.079055    0.192215    0.056903    0.014603    0.051946
    0.308508    0.078964    0.196559    0.057172    0.014826    0.050860
    0.302966    0.078853    0.200951    0.057430    0.015047    0.049762
    0.297473    0.078723    0.205392    0.057676    0.015266    0.048652
    0.292030    0.078573    0.209881    0.057910    0.015482    0.047530
    0.286637    0.078404    0.214419    0.058132    0.015695    0.046395
    0.281293    0.078217    0.219006    0.058343    0.015905    0.045249
    0.275999    0.078011    0.223640    0.058541    0.016112    0.044090
    0.270755    0.077786    0.228324    0.058727    0.016316    0.042919
    0.265560    0.077544    0.233056    0.058901    0.016516    0.041736
    0.260416    0.077284    0.237836    0.059063    0.016713    0.040541
    0.255322    0.077007    0.242665    0.059212    0.016906    0.039334
    0.250277    0.076712    0.247543    0.059349    0.017095    0.038114
    0.245283    0.076400    0.252469    0.059473    0.017279    0.036883
    0.240338    0.076072    0.257444    0.059585    0.017460    0.035639
    0.235444    0.075727    0.262467    0.059684    0.017636    0.034383
    0.230600    0.075366    0.267539    0.059770    0.017807    0.033115
    0.225806    0.074989    0.272659    0.059844    0.017973    0.031835
    0.221062    0.074596    0.277828    0.059904    0.018134    0.030543
    0.216368    0.074188    0.283045    0.059952    0.018290    0.029239
    0.211725    0.073765    0.288311    0.059987    0.018441    0.027922
    0.207132    0.073327    0.293625    0.060008    0.018586    0.026594
    0.202589    0.072874    0.298988    0.060017    0.018725    0.025253
    0.198097    0.072406    0.304400    0.060013    0.018858    0.023900
    0.193655    0.071925    0.309859    0.059995    0.018984    0.022535
    0.189263    0.071430    0.315368    0.059964    0.019105    0.021158
    0.184922    0.070921    0.320925    0.059920    0.019218    0.019769
    0.180631    0.070399    0.326531    0.059862    0.019325    0.018367
    0.176391    0.069864    0.332185    0.059791    0.019425    0.016954
    0.172201    0.069316    0.337887    0.059707    0.019518    0.015528
    0.168062    0.068755    0.343639    0.059609    0.019603    0.014090
    0.163973    0.068182    0.349438    0.059498    0.019680    0.012640
    0.159935    0.067597    0.355286    0.059373    0.019750    0.011178
    0.155947    0.067000    0.361183    0.059235    0.019812    0.009704
    0.152010    0.066392    0.367129    0.059083    0.019865    0.008218
    0.148123    0.065772    0.373122    0.058917    0.019910    0.006719
    0.144287    0.065142    0.379165    0.058738    0.019946    0.005209
    0.140502    0.064500    0.385256    0.058546    0.019973    0.003686
    0.136767    0.063849    0.391395    0.058339    0.019991    0.002151
    0.133083    0.063187    0.397583    0.058119    0.019999    0.000604
    0.129449    0.062514    0.403820    0.057886    0.019999   -0.000424
    0.125866    0.061833    0.410105    0.057638    0.019994   -0.001123
    0.122333    0.061141    0.416438    0.057377    0.019985   -0.001826
    0.118851    0.060441    0.422820    0.057103    0.019971   -0.002536
    0.115420    0.059731    0.429251    0.056814    0.019952   -0.003250
    0.112039    0.059013    0.435730    0.056512    0.019929   -0.003970
    0.108709    0.058286    0.442258    0.056196    0.019901   -0.004695
    0.105429    0.057551    0.448834    0.055867    0.019868   -0.005426
    0.102200    0.056808    0.455459    0.055524    0.019829   -0.006162
    0.099022    0.056057    0.462132    0.055167    0.019786   -0.006904
    0.095894    0.055299    0.468854    0.054796    0.019737   -0.007650
    0.092817    0.054533    0.475624    0.054412    0.019682   -0.008403
    0.089790    0.053760    0.482443    0.054014    0.019622   -0.009160
    0.086814    0.052981    0.489311    0.053602    0.019557   -0.009923
    0.083888    0.052195    0.496227    0.053177    0.019486   -0.010692
    0.081013    0.051402    0.503191    0.052738    0.019408   -0.011466
    0.078188    0.050603    0.510204    0.052285    0.019325   -0.012245
    0.075414    0.049799    0.517266    0.051819    0.019236   -0.013030
    0.072691    0.048989    0.524376    0.051338    0.019141   -0.013820
    0.070017    0.048173    0.531534    0.050845    0.019039   -0.014615
    0.067395    0.047352    0.538742    0.050337    0.018931   -0.015416
    0.064822    0.046526    0.545997    0.049816    0.018816   -0.016222
    0.062300    0.045695    0.553301    0.049281    0.018694   -0.017033
    0.059829    0.044860    0.560654    0.048733    0.018566   -0.017850
    0.057408    0.044020    0.568056    0.048171    0.018431   -0.018673
    0.055037    0.043176    0.575505    0.047595    0.018289   -0.019501
    0.052716    0.042328    0.583004    0.047006    0.018139   -0.020334
    0.050446    0.041476    0.590551    0.046403    0.017983   -0.021172
    0.048226    0.040621    0.598146    0.045786    0.017819   -0.022016
    0.046057    0.039762    0.605790    0.045155    0.017647   -0.022866
    0.043937    0.038900    0.613482    0.044511    0.017468   -0.023720
    0.041868    0.038035    0.621223    0.043853    0.017281   -0.024580
    0.039849    0.037167    0.629013    0.043181    0.017086   -0.025446
    0.037880    0.036296    0.636851    0.042496    0.016883   -0.026317
    0.035962    0.035423    0.644738    0.041797    0.016672   -0.027193
    0.034093    0.034548    0.652673    0.041084    0.016453   -0.028075
    0.032275    0.033670    0.660657    0.040357    0.016225   -0.028962
    0.030506    0.032791    0.668689    0.039616    0.015989   -0.029854
    0.028788    0.031909    0.676770    0.038861    0.015744   -0.030752
    0.027119    0.031026    0.684899    0.038092    0.015491   -0.031655
    0.025501    0.030142    0.693077    0.037309    0.015228   -0.032564
    0.023933    0.029256    0.701303    0.036512    0.014956   -0.033478
    0.022414    0.028369    0.709578    0.035701    0.014676   -0.034398
    0.020946    0.027481    0.717901    0.034875    0.014385   -0.035322
    0.019527    0.026591    0.726273    0.034035    0.014086   -0.036253
    0.018158    0.025702    0.734694    0.033181    0.013777   -0.037188
    0.016839    0.024811    0.743163    0.032312    0.013458   -0.038129
    0.015569    0.023920    0.751680    0.031428    0.013129   -0.039076
    0.014350    0.023028    0.760247    0.030529    0.012790   -0.040027
    0.013180    0.022136    0.768861    0.029616    0.012441   -0.040985
    0.012060    0.021244    0.777524    0.028687    0.012082   -0.041947
    0.010989    0.020352    0.786236    0.027743    0.011712   -0.042915
    0.009968    0.019460    0.794996    0.026784    0.011332   -0.043888
    0.008997    0.018568    0.803805    0.025809    0.010941   -0.044867
    0.008075    0.017677    0.812662    0.024818    0.010539   -0.045851
    0.007203    0.016785    0.821568    0.023811    0.010127   -0.046841
    0.006380    0.015894    0.830522    0.022788    0.009703   -0.047836
    0.005607    0.015004    0.839525    0.021749    0.009268   -0.048836
    0.004883    0.014114    0.848577    0.020693    0.008821   -0.049842
    0.004209    0.013225    0.857677    0.019620    0.008363   -0.050853
    0.003584    0.012336    0.866825    0.018529    0.007893   -0.051869
    0.003008    0.011448    0.876022    0.017422    0.007411   -0.052891
    0.002482    0.010562    0.885268    0.016296    0.006918   -0.053919
    0.002005    0.009676    0.894562    0.015152    0.006412   -0.054951
    0.001577    0.008790    0.903904    0.013990    0.005893   -0.055989
    0.001198    0.007906    0.913296    0.012809    0.005363   -0.057033
    0.000869    0.007023    0.922735    0.011608    0.004819   -0.058082
    0.000589    0.006141    0.932223    0.010388    0.004263   -0.059136
    0.000357    0.005261    0.941760    0.009148    0.003694   -0.060196
    0.000175    0.004381    0.951346    0.007888    0.003112   -0.061261
    0.000042    0.003502    0.960979    0.006606    0.002517   -0.062331
   -0.000042    0.002625    0.970662    0.005303    0.001908   -0.063407
   -0.000077    0.001749    0.980393    0.003978    0.001286   -0.064488
   -0.000063    0.000874    0.990172    0.002631    0.000650   -0.065575
    0.000000    0.000000    1.000000    0.001260    0.000000   -0.066667
    0.000111   -0.000869    0.000000    0.000000    0.000000    0.000000
    0.000271   -0.001729    0.000000    0.000000    0.000000    0.000000
    0.000479   -0.002581    0.000000    0.000000    0.000000    0.000000
    0.000734   -0.003425    0.000000    0.000000    0.000000    0.000000
    0.001038   -0.004260    0.000000    0.000000    0.000000    0.000000
    0.001390   -0.005086    0.000000    0.000000    0.000000    0.000000
    0.001790   -0.005904    0.000000    0.000000    0.000000    0.000000
    0.002237   -0.006713    0.000000    0.000000    0.000000    0.000000
    0.002733   -0.007514    0.000000    0.000000    0.000000    0.000000
    0.003276   -0.008307    0.000000    0.000000    0.000000    0.000000
    0.003868   -0.009090    0.000000    0.000000    0.000000    0.000000
    0.004507   -0.009866    0.000000    0.000000    0.000000    0.000000
    0.005194   -0.010632    0.000000    0.000000    0.000000    0.000000
    0.005928   -0.011391    0.000000    0.000000    0.000000    0.000000
    0.006711   -0.012140    0.000000    0.000000    0.000000    0.000000
    0.007541   -0.012881    0.000000    0.000000    0.000000    0.000000
    0.008419   -0.013614    0.000000    0.000000    0.000000    0.000000
    0.009344   -0.014337    0.000000    0.000000    0.000000    0.000000
    0.010317   -0.015052    0.000000    0.000000    0.000000    0.000000
    0.011338   -0.015759    0.000000    0.000000    0.000000    0.000000
    0.012406   -0.016457    0.000000    0.000000    0.000000    0.000000
    0.013522   -0.017146    0.000000    0.000000    0.000000    0.000000
    0.014685   -0.017826    0.000000    0.000000    0.000000    0.000000
    0.015895   -0.018498    0.000000    0.000000    0.000000    0.000000
    0.017153   -0.019161    0.000000    0.000000    0.000000    0.000000
    0.018458   -0.019815    0.000000    0.000000    0.000000    0.000000
    0.019811   -0.020460    0.000000    0.000000    0.000000    0.000000
    0.021211   -0.021096    0.000000    0.000000    0.000000    0.000000
    0.022658   -0.021724    0.000000    0.000000    0.000000    0.000000
    0.024153   -0.022343    0.000000    0.000000    0.000000    0.000000
    0.025695   -0.022952    0.000000    0.000000    0.000000    0.000000
    0.027284   -0.023553    0.000000    0.000000    0.000000    0.000000
    0.028920   -0.024145    0.000000    0.000000    0.000000    0.000000
    0.030603   -0.024728    0.000000    0.000000    0.000000    0.000000
    0.032334   -0.025302    0.000000    0.000000    0.000000    0.000000
    0.034111   -0.025867    0.000000    0.000000    0.000000    0.000000
    0.035936   -0.026422    0.000000    0.000000    0.000000    0.000000
    0.037807   -0.026969    0.000000    0.000000    0.000000    0.000000
    0.039726   -0.027506    0.000000    0.000000    0.000000    0.000000
    0.041691   -0.028035    0.000000    0.000000    0.000000    0.000000
    0.043704   -0.028554    0.000000    0.000000    0.000000    0.000000
    0.045763   -0.029064    0.000000    0.000000    0.000000    0.000000
    0.047870   -0.029564    0.000000    0.000000    0.000000    0.000000
    0.050023   -0.030056    0.000000    0.000000    0.000000    0.000000
    0.052223   -0.030538    0.000000    0.000000    0.000000    0.000000
    0.054470   -0.031010    0.000000    0.000000    0.000000    0.000000
    0.056763   -0.031473    0.000000    0.000000    0.000000    0.000000
    0.059104   -0.031927    0.000000    0.000000    0.000000    0.000000
    0.061491   -0.032372    0.000000    0.000000    0.000000    0.000000
    0.063925   -0.032807    0.000000    0.000000    0.000000    0.000000
    0.066406   -0.033232    0.000000    0.000000    0.000000    0.000000
    0.068933   -0.033648    0.000000    0.000000    0.000000    0.000000
    0.071507   -0.034055    0.000000    0.000000    0.000000    0.000000
    0.074128   -0.034451    0.000000    0.000000    0.000000    0.000000
    0.076795   -0.034839    0.000000    0.000000    0.000000    0.000000
    0.079509   -0.035216    0.000000    0.000000    0.000000    0.000000
    0.082270   -0.035584    0.000000    0.000000    0.000000    0.000000
    0.085077   -0.035943    0.000000    0.000000    0.000000    0.000000
    0.087931   -0.036292    0.000000    0.000000    0.000000    0.000000
    0.090831   -0.036631    0.000000    0.000000    0.000000    0.000000
    0.093778   -0.036960    0.000000    0.000000    0.000000    0.000000
    0.096771   -0.037279    0.000000    0.000000    0.000000    0.000000
    0.099811   -0.037589    0.000000    0.000000    0.000000    0.000000
    0.102897   -0.037889    0.000000    0.000000    0.000000    0.000000
    0.106030   -0.038180    0.000000    0.000000    0.000000    0.000000
    0.109210   -0.038460    0.000000    0.000000    0.000000    0.000000
    0.112436   -0.038731    0.000000    0.000000    0.000000    0.000000
    0.115708   -0.038992    0.000000    0.000000    0.000000    0.000000
    0.119027   -0.039243    0.000000    0.000000    0.000000    0.000000
    0.122392   -0.039485    0.000000    0.000000    0.000000    0.000000
    0.125804   -0.039716    0.000000    0.000000    0.000000    0.000000
    0.129262   -0.039938    0.000000    0.000000    0.000000    0.000000
    0.132767   -0.040150    0.000000    0.000000    0.000000    0.000000
    0.136318   -0.040352    0.000000    0.000000    0.000000    0.000000
    0.139916   -0.040545    0.000000    0.000000    0.000000    0.000000
    0.143560   -0.040727    0.000000    0.000000    0.000000    0.000000
    0.147251   -0.040900    0.000000    0.000000    0.000000    0.000000
    0.150988   -0.041063    0.000000    0.000000    0.000000    0.000000
    0.154772   -0.041217    0.000000    0.000000    0.000000    0.000000
    0.158602   -0.041361    0.000000    0.000000    0.000000    0.000000
    0.162478   -0.041495    0.000000    0.000000    0.000000    0.000000
    0.166401   -0.041619    0.000000    0.000000    0.000000    0.000000
    0.170371   -0.041734    0.000000    0.000000    0.000000    0.000000
    0.174387   -0.041839    0.000000    0.000000    0.000000    0.000000
    0.178450   -0.041935    0.000000    0.000000    0.000000    0.000000
    0.182560   -0.042021    0.000000    0.000000    0.000000    0.000000
    0.186715   -0.042098    0.000000    0.000000    0.000000    0.000000
    0.190918   -0.042166    0.000000    0.000000    0.000000    0.000000
    0.195167   -0.042224    0.000000    0.000000    0.000000    0.000000
    0.199463   -0.042272    0.000000    0.000000    0.000000    0.000000
    0.203806   -0.042312    0.000000    0.000000    0.000000    0.000000
    0.208195   -0.042342    0.000000    0.000000    0.000000    0.000000
    0.212631   -0.042363    0.000000    0.000000    0.000000    0.000000
    0.217113   -0.042375    0.000000    0.000000    0.000000    0.000000
    0.221643   -0.042378    0.000000    0.000000    0.000000    0.000000
    0.226219   -0.042372    0.000000    0.000000    0.000000    0.000000
    0.230842   -0.042357    0.000000    0.000000    0.000000    0.000000
    0.235512   -0.042333    0.000000    0.000000    0.000000    0.000000
    0.240229   -0.042301    0.000000    0.000000    0.000000    0.000000
    0.244993   -0.042260    0.000000    0.000000    0.000000    0.000000
    0.249803   -0.042211    0.000000    0.000000    0.000000    0.000000
    0.254661   -0.042153    0.000000    0.000000    0.000000    0.000000
    0.259566   -0.042087    0.000000    0.000000    0.000000    0.000000
    0.264518   -0.042013    0.000000    0.000000    0.000000    0.000000
    0.269517   -0.041931    0.000000    0.000000    0.000000    0.000000
    0.274563   -0.041840    0.000000    0.000000    0.000000    0.000000
    0.279656   -0.041742    0.000000    0.000000    0.000000    0.000000
    0.284797   -0.041636    0.000000    0.000000    0.000000    0.000000
    0.289985   -0.041523    0.000000    0.000000    0.000000    0.000000
    0.295220   -0.041402    0.000000    0.000000    0.000000    0.000000
    0.300503   -0.041273    0.000000    0.000000    0.000000    0.000000
    0.305833   -0.041138    0.000000    0.000000    0.000000    0.000000
    0.311211   -0.040995    0.000000    0.000000    0.000000    0.000000
    0.316636   -0.040846    0.000000    0.000000    0.000000    0.000000
    0.322109   -0.040690    0.000000    0.000000    0.000000    0.000000
    0.327630   -0.040527    0.000000    0.000000    0.000000    0.000000
    0.333198   -0.040357    0.000000    0.000000    0.000000    0.000000
    0.338814   -0.040182    0.000000    0.000000    0.000000    0.000000
    0.344478   -0.040000    0.000000    0.000000    0.000000    0.000000
    0.350190   -0.039812    0.000000    0.000000    0.000000    0.000000
    0.355950   -0.039619    0.000000    0.000000    0.000000    0.000000
    0.361758   -0.039420    0.000000    0.000000    0.000000    0.000000
    0.367614   -0.039216    0.000000    0.000000    0.000000    0.000000
    0.373518   -0.039006    0.000000    0.000000    0.000000    0.000000
    0.379471   -0.038792    0.000000    0.000000    0.000000    0.000000
    0.385471   -0.038572    0.000000    0.000000    0.000000    0.000000
    0.391521   -0.038348    0.000000    0.000000    0.000000    0.000000
    0.397618   -0.038120    0.000000    0.000000    0.000000    0.000000
    0.403795   -0.037886    0.000000    0.000000    0.000000    0.000000
    0.410040   -0.037644    0.000000    0.000000    0.000000    0.000000
    0.416333   -0.037392    0.000000    0.000000    0.000000    0.000000
    0.422675   -0.037131    0.000000    0.000000    0.000000    0.000000
    0.429066   -0.036862    0.000000    0.000000    0.000000    0.000000
    0.435506   -0.036583    0.000000    0.000000    0.000000    0.000000
    0.441994   -0.036295    0.000000    0.000000    0.000000    0.000000
    0.448531   -0.035999    0.000000    0.000000    0.000000    0.000000
    0.455117   -0.035694    0.000000    0.000000    0.000000    0.000000
    0.461751   -0.035380    0.000000    0.000000    0.000000    0.000000
    0.468435   -0.035058    0.000000    0.000000    0.000000    0.000000
    0.475167   -0.034728    0.000000    0.000000    0.000000    0.000000
    0.481948   -0.034389    0.000000    0.000000    0.000000    0.000000
    0.488779   -0.034043    0.000000    0.000000    0.000000    0.000000
    0.495658   -0.033688    0.000000    0.000000    0.000000    0.000000
    0.502586   -0.033326    0.000000    0.000000    0.000000    0.000000
    0.509564   -0.032956    0.000000    0.000000    0.000000    0.000000
    0.516590   -0.032578    0.000000    0.000000    0.000000    0.000000
    0.523666   -0.032193    0.000000    0.000000    0.000000    0.000000
    0.530791   -0.031800    0.000000    0.000000    0.000000    0.000000
    0.537966   -0.031401    0.000000    0.000000    0.000000    0.000000
    0.545189   -0.030994    0.000000    0.000000    0.000000    0.000000
    0.552462   -0.030580    0.000000    0.000000    0.000000    0.000000
    0.559784   -0.030159    0.000000    0.000000    0.000000    0.000000
    0.567156   -0.029731    0.000000    0.000000    0.000000    0.000000
    0.574577   -0.029297    0.000000    0.000000    0.000000    0.000000
    0.582048   -0.028856    0.000000    0.000000    0.000000    0.000000
    0.589568   -0.028409    0.000000    0.000000    0.000000    0.000000
    0.597138   -0.027956    0.000000    0.000000    0.000000    0.000000
    0.604758   -0.027496    0.000000    0.000000    0.000000    0.000000
    0.612427   -0.027030    0.000000    0.000000    0.000000    0.000000
    0.620146   -0.026559    0.000000    0.000000    0.000000    0.000000
    0.627915   -0.026081    0.000000    0.000000    0.000000    0.000000
    0.635733   -0.025598    0.000000    0.000000    0.000000    0.000000
    0.643602   -0.025109    0.000000    0.000000    0.000000    0.000000
    0.651520   -0.024614    0.000000    0.000000    0.000000    0.000000
    0.659488   -0.024114    0.000000    0.000000    0.000000    0.000000
    0.667507   -0.023609    0.000000    0.000000    0.000000    0.000000
    0.675575   -0.023098    0.000000    0.000000    0.000000    0.000000
    0.683694   -0.022582    0.000000    0.000000    0.000000    0.000000
    0.691862   -0.022061    0.000000    0.000000    0.000000    0.000000
    0.700081   -0.021535    0.000000    0.000000    0.000000    0.000000
    0.708351   -0.021004    0.000000    0.000000    0.000000    0.000000
    0.716670   -0.020468    0.000000    0.000000    0.000000    0.000000
    0.725040   -0.019927    0.000000    0.000000    0.000000    0.000000
    0.733461   -0.019381    0.000000    0.000000    0.000000    0.000000
    0.741932   -0.018831    0.000000    0.000000    0.000000    0.000000
    0.750453   -0.018275    0.000000    0.000000    0.000000    0.000000
    0.759026   -0.017715    0.000000    0.000000    0.000000    0.000000
    0.767648   -0.017150    0.000000    0.000000    0.000000    0.000000
    0.776322   -0.016580    0.000000    0.000000    0.000000    0.000000
    0.785046   -0.016005    0.000000    0.000000    0.000000    0.000000
    0.793822   -0.015426    0.000000    0.000000    0.000000    0.000000
    0.802648   -0.014842    0.000000    0.000000    0.000000    0.000000
    0.811526   -0.014253    0.000000    0.000000    0.000000    0.000000
    0.820454   -0.013658    0.000000    0.000000    0.000000    0.000000
    0.829434   -0.013059    0.000000    0.000000    0.000000    0.000000
    0.838464   -0.012455    0.000000    0.000000    0.000000    0.000000
    0.847547   -0.011846    0.000000    0.000000    0.000000    0.000000
    0.856680   -0.011231    0.000000    0.000000    0.000000    0.000000
    0.865865   -0.010611    0.000000    0.000000    0.000000    0.000000
    0.875102   -0.009986    0.000000    0.000000    0.000000    0.000000
    0.884390   -0.009355    0.000000    0.000000    0.000000    0.000000
    0.893731   -0.008718    0.000000    0.000000    0.000000    0.000000
    0.903122   -0.008075    0.000000    0.000000    0.000000    0.000000
    0.912566   -0.007425    0.000000    0.000000    0.000000    0.000000
    0.922062   -0.006770    0.000000    0.000000    0.000000    0.000000
    0.931610   -0.006107    0.000000    0.000000    0.000000    0.000000
    0.941211   -0.005438    0.000000    0.000000    0.000000    0.000000
    0.950863   -0.004761    0.000000    0.000000    0.000000    0.000000
    0.960568   -0.004077    0.000000    0.000000    0.000000    0.000000
    0.970326   -0.003384    0.000000    0.000000    0.000000    0.000000
    0.980137   -0.002684    0.000000    0.000000    0.000000    0.000000
    0.990000   -0.001975    0.000000    0.000000    0.000000    0.000000
    0.999916   -0.001257    0.000000    0.000000    0.000000    0.000000
