  
       RFOIL         Version 1.1
  
 Calculated polar for: NACA 2412                       
  
 1  Reynolds number fixed
  
 xtrf =   1.000 (suction)    1.000 (pressure)
 Rot. Parameters:  f0 =   1.000 c/r =   0.000
 Mach =   0.300     Re =     3.100 e 6     Ncrit =   9.000
  
   alpha     CL        CD      Re(CL)     CM     S_xtr   P_xtr    CDp  
  ------- -------- --------- --------- -------- ------- ------- -------- 
 -12.000  -1.1751   0.01766   3.10000  -0.0686  0.9984  0.0111   0.01449
 -11.000  -1.0512   0.01403   3.10000  -0.0684  0.9944  0.0125   0.01041
 -10.000  -0.9238   0.01172   3.10000  -0.0678  0.9847  0.0144   0.00780
  -9.000  -0.8109   0.01018   3.10000  -0.0639  0.9592  0.0168   0.00602
  -8.000  -0.6952   0.00904   3.10000  -0.0609  0.9293  0.0200   0.00469
  -7.000  -0.5767   0.00815   3.10000  -0.0589  0.8944  0.0246   0.00362
  -6.000  -0.4574   0.00748   3.10000  -0.0574  0.8510  0.0319   0.00279
  -5.000  -0.3378   0.00697   3.10000  -0.0563  0.7993  0.0436   0.00214
  -4.000  -0.2183   0.00659   3.10000  -0.0555  0.7388  0.0643   0.00165
  -3.000  -0.0991   0.00630   3.10000  -0.0550  0.6736  0.1008   0.00128
  -2.000   0.0198   0.00608   3.10000  -0.0547  0.6064  0.1577   0.00105
  -1.000   0.1388   0.00593   3.10000  -0.0545  0.5442  0.2347   0.00094
   0.000   0.2577   0.00582   3.10000  -0.0544  0.4886  0.3315   0.00093
   1.000   0.3761   0.00564   3.10000  -0.0543  0.4408  0.4756   0.00100
   2.000   0.4932   0.00558   3.10000  -0.0539  0.3821  0.6444   0.00120
   3.000   0.6072   0.00583   3.10000  -0.0527  0.2995  0.8015   0.00158
   4.000   0.7142   0.00638   3.10000  -0.0497  0.2098  0.9430   0.00217
   5.000   0.8376   0.00754   3.10000  -0.0504  0.1176  0.9965   0.00298
   6.000   0.9520   0.00869   3.10000  -0.0490  0.0639  1.0000   0.00387
   7.000   1.0580   0.00978   3.10000  -0.0455  0.0393  1.0000   0.00485
   8.000   1.1647   0.01092   3.10000  -0.0419  0.0275  1.0000   0.00598
   9.000   1.2676   0.01225   3.10000  -0.0374  0.0208  1.0000   0.00736
  10.000   1.3598   0.01392   3.10000  -0.0309  0.0166  1.0000   0.00913
  11.000   1.4325   0.01600   3.10000  -0.0214  0.0139  1.0000   0.01138
  12.000   1.4910   0.01905   3.10000  -0.0115  0.0121  1.0000   0.01467
  13.000   1.5282   0.02393   3.10000  -0.0022  0.0108  1.0000   0.01987
  14.000   1.5271   0.03297   3.10000   0.0039  0.0100  1.0000   0.02931
  15.000   1.4915   0.04760   3.10000   0.0030  0.0095  1.0000   0.04441
  16.000   1.4114   0.06981   3.10000  -0.0062  0.0093  1.0000   0.06711
  17.000   1.3055   0.09981   3.10000  -0.0238  0.0093  1.0000   0.09760
